1
788
102 0
102 101
103 101
103 102
204 102
204 203
205 203
205 204
306 204
306 305
307 305
307 306
408 306
408 407
409 407
409 408
510 408
510 509
511 509
511 510
612 510
612 611
613 611
613 612
714 612
714 713
715 713
715 714
816 714
816 815
817 815
817 816
918 816
918 917
919 917
919 918
1020 918
1020 1019
1021 1019
1021 1020
1122 1020
1122 1121
1123 1121
1123 1122
1224 1122
1224 1223
1225 1223
1225 1224
1326 1224
1326 1325
1327 1325
1327 1326
1428 1326
1428 1427
1429 1427
1429 1428
1530 1428
1530 1529
1531 1529
1531 1530
1632 1530
1632 1631
1633 1631
1633 1632
1734 1632
1734 1733
1735 1733
1735 1734
1836 1734
1836 1835
1837 1835
1837 1836
1938 1836
1938 1937
1939 1937
1939 1938
2040 1938
2040 2039
2041 2039
2041 2040
2142 2040
2142 2141
2143 2141
2143 2142
2244 2142
2244 2243
2245 2243
2245 2244
2346 2244
2346 2345
2347 2345
2347 2346
2448 2346
2448 2447
2449 2447
2449 2448
2550 2448
2550 2549
2551 2549
2551 2550
2652 2550
2652 2651
2653 2651
2653 2652
2754 2652
2754 2753
2755 2753
2755 2754
2856 2754
2856 2855
2857 2855
2857 2856
2958 2856
2958 2957
2959 2957
2959 2958
3060 2958
3060 3059
3061 3059
3061 3060
3162 3060
3162 3161
3163 3161
3163 3162
3264 3162
3264 3263
3265 3263
3265 3264
3366 3264
3366 3365
3367 3365
3367 3366
3468 3366
3468 3467
3469 3467
3469 3468
3570 3468
3570 3569
3571 3569
3571 3570
3672 3570
3672 3671
3673 3671
3673 3672
3774 3672
3774 3773
3775 3773
3775 3774
3876 3774
3876 3875
3877 3875
3877 3876
3978 3876
3978 3977
3979 3977
3979 3978
4080 3978
4080 4079
4081 4079
4081 4080
4182 4080
4182 4181
4183 4181
4183 4182
4284 4182
4284 4283
4285 4283
4285 4284
4386 4284
4386 4385
4387 4385
4387 4386
4488 4386
4488 4487
4489 4487
4489 4488
4590 4488
4590 4589
4591 4589
4591 4590
4692 4590
4692 4691
4693 4691
4693 4692
4794 4692
4794 4793
4795 4793
4795 4794
4896 4794
4896 4895
4897 4895
4897 4896
4998 4896
4998 4997
4999 4997
4999 4998
5100 4998
5100 5099
5101 5099
5101 5100
5202 5100
5202 5201
5203 5201
5203 5202
5304 5202
5304 5303
5305 5303
5305 5304
5406 5304
5406 5405
5407 5405
5407 5406
5508 5406
5508 5507
5509 5507
5509 5508
5610 5508
5610 5609
5611 5609
5611 5610
5712 5610
5712 5711
5713 5711
5713 5712
5814 5712
5814 5813
5815 5813
5815 5814
5916 5814
5916 5915
5917 5915
5917 5916
6018 5916
6018 6017
6019 6017
6019 6018
6120 6018
6120 6119
6121 6119
6121 6120
6222 6120
6222 6221
6223 6221
6223 6222
6324 6222
6324 6323
6325 6323
6325 6324
6426 6324
6426 6425
6427 6425
6427 6426
6528 6426
6528 6527
6529 6527
6529 6528
6630 6528
6630 6629
6631 6629
6631 6630
6732 6630
6732 6731
6733 6731
6733 6732
6834 6732
6834 6833
6835 6833
6835 6834
6936 6834
6936 6935
6937 6935
6937 6936
7038 6936
7038 7037
7039 7037
7039 7038
7140 7038
7140 7139
7141 7139
7141 7140
7242 7140
7242 7241
7243 7241
7243 7242
7344 7242
7344 7343
7345 7343
7345 7344
7446 7344
7446 7445
7447 7445
7447 7446
7548 7446
7548 7547
7549 7547
7549 7548
7650 7548
7650 7649
7651 7649
7651 7650
7752 7650
7752 7751
7753 7751
7753 7752
7854 7752
7854 7853
7855 7853
7855 7854
7956 7854
7956 7955
7957 7955
7957 7956
8058 7956
8058 8057
8059 8057
8059 8058
8160 8058
8160 8159
8161 8159
8161 8160
8262 8160
8262 8261
8263 8261
8263 8262
8364 8262
8364 8363
8365 8363
8365 8364
8466 8364
8466 8465
8467 8465
8467 8466
8568 8466
8568 8567
8569 8567
8569 8568
8670 8568
8670 8669
8671 8669
8671 8670
8772 8670
8772 8771
8773 8771
8773 8772
8874 8772
8874 8873
8875 8873
8875 8874
8976 8874
8976 8975
8977 8975
8977 8976
9078 8976
9078 9077
9079 9077
9079 9078
9180 9078
9180 9179
9181 9179
9181 9180
9282 9180
9282 9281
9283 9281
9283 9282
9384 9282
9384 9383
9385 9383
9385 9384
9486 9384
9486 9485
9487 9485
9487 9486
9588 9486
9588 9587
9589 9587
9589 9588
9690 9588
9690 9689
9691 9689
9691 9690
9792 9690
9792 9791
9793 9791
9793 9792
9894 9792
9894 9893
9895 9893
9895 9894
9996 9894
9996 9995
9997 9995
9997 9996
10098 9996
10098 10098
9996 10098
9996 9997
9995 9997
9995 9996
9894 9996
9894 9895
9893 9895
9893 9894
9792 9894
9792 9793
9791 9793
9791 9792
9690 9792
9690 9691
9689 9691
9689 9690
9588 9690
9588 9589
9587 9589
9587 9588
9486 9588
9486 9487
9485 9487
9485 9486
9384 9486
9384 9385
9383 9385
9383 9384
9282 9384
9282 9283
9281 9283
9281 9282
9180 9282
9180 9181
9179 9181
9179 9180
9078 9180
9078 9079
9077 9079
9077 9078
8976 9078
8976 8977
8975 8977
8975 8976
8874 8976
8874 8875
8873 8875
8873 8874
8772 8874
8772 8773
8771 8773
8771 8772
8670 8772
8670 8671
8669 8671
8669 8670
8568 8670
8568 8569
8567 8569
8567 8568
8466 8568
8466 8467
8465 8467
8465 8466
8364 8466
8364 8365
8363 8365
8363 8364
8262 8364
8262 8263
8261 8263
8261 8262
8160 8262
8160 8161
8159 8161
8159 8160
8058 8160
8058 8059
8057 8059
8057 8058
7956 8058
7956 7957
7955 7957
7955 7956
7854 7956
7854 7855
7853 7855
7853 7854
7752 7854
7752 7753
7751 7753
7751 7752
7650 7752
7650 7651
7649 7651
7649 7650
7548 7650
7548 7549
7547 7549
7547 7548
7446 7548
7446 7447
7445 7447
7445 7446
7344 7446
7344 7345
7343 7345
7343 7344
7242 7344
7242 7243
7241 7243
7241 7242
7140 7242
7140 7141
7139 7141
7139 7140
7038 7140
7038 7039
7037 7039
7037 7038
6936 7038
6936 6937
6935 6937
6935 6936
6834 6936
6834 6835
6833 6835
6833 6834
6732 6834
6732 6733
6731 6733
6731 6732
6630 6732
6630 6631
6629 6631
6629 6630
6528 6630
6528 6529
6527 6529
6527 6528
6426 6528
6426 6427
6425 6427
6425 6426
6324 6426
6324 6325
6323 6325
6323 6324
6222 6324
6222 6223
6221 6223
6221 6222
6120 6222
6120 6121
6119 6121
6119 6120
6018 6120
6018 6019
6017 6019
6017 6018
5916 6018
5916 5917
5915 5917
5915 5916
5814 5916
5814 5815
5813 5815
5813 5814
5712 5814
5712 5713
5711 5713
5711 5712
5610 5712
5610 5611
5609 5611
5609 5610
5508 5610
5508 5509
5507 5509
5507 5508
5406 5508
5406 5407
5405 5407
5405 5406
5304 5406
5304 5305
5303 5305
5303 5304
5202 5304
5202 5203
5201 5203
5201 5202
5100 5202
5100 5101
5099 5101
5099 5100
4998 5100
4998 4999
4997 4999
4997 4998
4896 4998
4896 4897
4895 4897
4895 4896
4794 4896
4794 4795
4793 4795
4793 4794
4692 4794
4692 4693
4691 4693
4691 4692
4590 4692
4590 4591
4589 4591
4589 4590
4488 4590
4488 4489
4487 4489
4487 4488
4386 4488
4386 4387
4385 4387
4385 4386
4284 4386
4284 4285
4283 4285
4283 4284
4182 4284
4182 4183
4181 4183
4181 4182
4080 4182
4080 4081
4079 4081
4079 4080
3978 4080
3978 3979
3977 3979
3977 3978
3876 3978
3876 3877
3875 3877
3875 3876
3774 3876
3774 3775
3773 3775
3773 3774
3672 3774
3672 3673
3671 3673
3671 3672
3570 3672
3570 3571
3569 3571
3569 3570
3468 3570
3468 3469
3467 3469
3467 3468
3366 3468
3366 3367
3365 3367
3365 3366
3264 3366
3264 3265
3263 3265
3263 3264
3162 3264
3162 3163
3161 3163
3161 3162
3060 3162
3060 3061
3059 3061
3059 3060
2958 3060
2958 2959
2957 2959
2957 2958
2856 2958
2856 2857
2855 2857
2855 2856
2754 2856
2754 2755
2753 2755
2753 2754
2652 2754
2652 2653
2651 2653
2651 2652
2550 2652
2550 2551
2549 2551
2549 2550
2448 2550
2448 2449
2447 2449
2447 2448
2346 2448
2346 2347
2345 2347
2345 2346
2244 2346
2244 2245
2243 2245
2243 2244
2142 2244
2142 2143
2141 2143
2141 2142
2040 2142
2040 2041
2039 2041
2039 2040
1938 2040
1938 1939
1937 1939
1937 1938
1836 1938
1836 1837
1835 1837
1835 1836
1734 1836
1734 1735
1733 1735
1733 1734
1632 1734
1632 1633
1631 1633
1631 1632
1530 1632
1530 1531
1529 1531
1529 1530
1428 1530
1428 1429
1427 1429
1427 1428
1326 1428
1326 1327
1325 1327
1325 1326
1224 1326
1224 1225
1223 1225
1223 1224
1122 1224
1122 1123
1121 1123
1121 1122
1020 1122
1020 1021
1019 1021
1019 1020
918 1020
918 919
917 919
917 918
816 918
816 817
815 817
815 816
714 816
714 715
713 715
713 714
612 714
612 613
611 613
611 612
510 612
510 511
509 511
509 510
408 510
408 409
407 409
407 408
306 408
306 307
305 307
305 306
204 306
204 205
203 205
203 204
102 204
102 103
101 103
101 102
0 102
0 0
