6
8
4532785 6476278
9334261 9635320
7128037 5194693
8813172 606560
5664525 3245466
1517089 84635
2063434 5115049
1056586 9167543
8
5039443 7662271
9422988 8433696
7773324 4082647
8778106 1869316
5216834 3010892
1652966 207445
2290689 4809000
297167 9092076
8
4872851 7673498
8936807 9644235
6841237 5865990
8632255 776571
4835639 2316855
969745 353812
3756687 5563440
896810 9286107
8
4489499 7239456
8849010 9569669
6795345 5052915
9842073 1116314
5401189 2663813
1713376 1687925
2958999 5515633
649729 8074600
8
5610037 7489416
8541628 8751228
7102644 5718749
9269248 1892949
4779367 2694653
530994 1289524
3796698 5668413
856220 9339031
8
4266318 6262955
8718325 8215163
6452176 5528998
8184841 649666
4156280 3209610
31365 502831
3716411 4646659
672481 9870349
