5
12
3370780 6973435
4285200 8672805
7431036 9000268
9336217 7271482
6973295 5174875
8517333 2504230
9560214 1880170
4185959 406219
1206753 2743544
3417975 5770268
122074 4797376
1120002 9585402
12
3374730 7782104
5844570 8590109
7446284 9300218
9633089 7918381
7666860 5121760
8216094 2532209
8199482 344392
4133210 1397790
288369 2814743
3039194 5942993
1572607 5383578
1022105 9588121
12
3269425 7063655
4781152 8349483
6546621 8751458
8029221 7809848
7007915 5586524
9946622 2966620
8065504 786645
4842688 1058861
1396424 3776226
3885752 4660852
595487 4870058
413573 9313144
12
3634269 6300938
4413713 9448949
7010748 8298968
8703018 6719916
6492647 5961925
9335617 3581588
9455296 795740
5233597 1571246
1234382 3349287
2252157 5068662
1893570 4836464
1059305 8387957
12
2789284 7579941
4941491 8953204
7863839 9948885
9736368 7737163
7344357 5314903
9296077 2345815
8580160 1475721
4160303 947081
345655 2465590
3514603 5179675
4057 5903121
700511 8758878
