7
34
3052851 10512970
3275264 8583153
4291295 8732617
4671991 10993242
5263752 11511561
6348119 8965241
7200554 9928139
7998902 10385375
9105492 10070872
8431784 7954546
6673089 7713281
7131757 6052903
9638300 6222775
8845819 3534749
7868281 4623771
7666742 2727150
9218480 1954260
8659000 842818
6266005 568948
5514771 3081272
3866589 3255888
4219025 591832
2450483 1419205
2289933 2664832
1057183 2462222
1169384 4278809
1796420 3736034
2734428 5947731
4054289 6222075
3777393 3739171
5318119 4291093
6428409 8011878
827964 7216565
1336981 11004919
34
1760971 10094421
2296939 8754091
3595798 8831920
4619281 10542595
5150769 11201987
5672519 9066850
7338955 9640720
7883125 11483974
9467087 10176643
8568963 7901873
7003164 8100236
8193145 6656000
8492095 6433637
9223482 3444716
6741060 3978669
7182451 2161063
9628088 3107854
9952004 917040
5478027 878336
5195890 2139232
3685556 2261828
4689034 1470975
2113241 1211418
2012843 2998655
804954 2820705
966863 4651472
2377833 4403737
1852955 5719631
4004767 6182882
4857501 3984416
5054498 3583018
5760721 8272506
365082 8172915
1662797 11646605
34
2888970 10185530
3199176 9477115
4196826 8411414
3738764 11464568
6057825 10541995
6205002 9962464
7478893 8427797
8250151 10173797
9460156 11534172
9042043 7570301
6892676 8020794
7130170 5271445
9263554 6286977
8605464 3390938
7053144 4380312
6914962 2993905
8991882 2626355
9170936 1074117
6083363 1075340
5234906 1734151
4340516 3320406
4209996 387864
2368482 189915
2978980 1721547
889671 1774131
1559811 3775103
2096936 3772889
2380243 5285636
3845694 6505545
4458055 3548243
6311251 3927593
5003456 7075557
71253 7056471
593305 11432810
34
3198533 11051429
3268916 8797260
3770583 9897572
4918569 11423047
6635163 10896925
6494858 9090914
6902420 9030154
7664644 11458078
9363545 10697815
8933732 7378964
7417052 7271429
7726813 6076544
9340098 5688749
8638886 3802364
6922827 4087722
7545974 1745287
8897939 3059446
9496676 903518
6653207 778794
5699095 2526487
4147856 2973808
3683652 1646954
2717656 1330564
2441468 1752928
1322561 1806644
1635124 3824104
2062866 4573019
2862858 5948695
3886983 5353459
3797510 4704140
5443807 4955212
6600778 6901503
910061 6990039
865422 10382273
34
2831223 11013873
1770853 8380724
4126813 8682257
4385604 11593044
6233447 11391618
5706705 9565272
8204643 9697126
7519545 11500355
9421595 10852870
8594120 7825407
6920678 8307896
7270584 5916854
9488650 5438172
9972671 4097619
7400399 4284832
7190220 2092200
8514986 1973640
9144145 1022768
5237488 783099
5758950 2568722
3955343 3062622
3906974 366929
2488419 18344
3149440 2105843
1191132 2792274
1636595 3371052
1731002 3886407
2886327 6532149
4563253 5807424
3926022 4471419
6362496 4549007
6220005 7955735
842258 6883107
1224397 10837824
34
1998392 10650038
2194993 8757677
3929104 9030630
4526846 11661389
6032721 10936038
5634791 9677434
8140545 9638818
7607462 11113155
9043282 10868478
9555272 6871380
7061322 7351142
7266928 6252363
9478936 6362140
8666749 4233718
7531036 3797875
7060583 2730755
9447560 1901012
9519995 706717
5945218 393703
6043284 2272084
4483375 2398845
3679550 66017
1905708 962203
2996929 3066842
14945 1832446
1463630 3845580
1995344 4108162
2480967 6024100
3461639 5693828
4057468 4207850
5567412 4823007
5151709 7685509
857033 7328379
1606626 10300731
34
2194556 10036382
2254774 8816024
4420609 9568039
4740675 11137973
5091577 11648019
6207458 9807224
7427804 9459883
7462166 11183082
8613490 10445628
9556377 7292210
6681334 7982416
8187709 5861751
8348082 6193591
9631485 3768379
7915093 4651676
7261664 3182510
8529032 1798893
8710056 1638490
5915388 172261
6450977 2275826
4414002 2929702
4566458 725418
2943427 143803
1812424 1828372
1177816 2177593
558777 4621870
2542398 4257994
2216968 5083628
3467699 5360232
4525205 3366805
6385608 4806942
5370900 7643906
240761 6980749
206745 11323285
