3
101
20 0
10 20
30 0
10 30
40 0
10 40
50 0
10 50
60 0
10 60
70 0
10 70
80 0
10 80
90 0
10 90
100 0
10 100
110 0
10 110
120 0
10 120
130 0
10 130
140 0
10 140
150 0
10 150
160 0
10 160
170 0
10 170
180 0
10 180
190 0
10 190
200 0
10 200
210 0
10 210
220 0
10 220
230 0
10 230
240 0
10 240
250 0
10 250
260 0
10 260
270 0
10 270
280 0
10 280
290 0
10 290
300 0
10 300
310 0
10 310
320 0
10 320
330 0
10 330
340 0
10 340
350 0
10 350
360 0
10 360
370 0
10 370
380 0
10 380
390 0
10 390
400 0
10 400
410 0
10 410
420 0
10 420
430 0
10 430
440 0
10 440
450 0
10 450
460 0
10 460
470 0
10 470
480 0
10 480
490 0
10 490
500 0
10 500
510 0
10 510
0 10
2099
20 0
10 20
30 0
10 30
40 0
10 40
50 0
10 50
60 0
10 60
70 0
10 70
80 0
10 80
90 0
10 90
100 0
10 100
110 0
10 110
120 0
10 120
130 0
10 130
140 0
10 140
150 0
10 150
160 0
10 160
170 0
10 170
180 0
10 180
190 0
10 190
200 0
10 200
210 0
10 210
220 0
10 220
230 0
10 230
240 0
10 240
250 0
10 250
260 0
10 260
270 0
10 270
280 0
10 280
290 0
10 290
300 0
10 300
310 0
10 310
320 0
10 320
330 0
10 330
340 0
10 340
350 0
10 350
360 0
10 360
370 0
10 370
380 0
10 380
390 0
10 390
400 0
10 400
410 0
10 410
420 0
10 420
430 0
10 430
440 0
10 440
450 0
10 450
460 0
10 460
470 0
10 470
480 0
10 480
490 0
10 490
500 0
10 500
510 0
10 510
520 0
10 520
530 0
10 530
540 0
10 540
550 0
10 550
560 0
10 560
570 0
10 570
580 0
10 580
590 0
10 590
600 0
10 600
610 0
10 610
620 0
10 620
630 0
10 630
640 0
10 640
650 0
10 650
660 0
10 660
670 0
10 670
680 0
10 680
690 0
10 690
700 0
10 700
710 0
10 710
720 0
10 720
730 0
10 730
740 0
10 740
750 0
10 750
760 0
10 760
770 0
10 770
780 0
10 780
790 0
10 790
800 0
10 800
810 0
10 810
820 0
10 820
830 0
10 830
840 0
10 840
850 0
10 850
860 0
10 860
870 0
10 870
880 0
10 880
890 0
10 890
900 0
10 900
910 0
10 910
920 0
10 920
930 0
10 930
940 0
10 940
950 0
10 950
960 0
10 960
970 0
10 970
980 0
10 980
990 0
10 990
1000 0
10 1000
1010 0
10 1010
1020 0
10 1020
1030 0
10 1030
1040 0
10 1040
1050 0
10 1050
1060 0
10 1060
1070 0
10 1070
1080 0
10 1080
1090 0
10 1090
1100 0
10 1100
1110 0
10 1110
1120 0
10 1120
1130 0
10 1130
1140 0
10 1140
1150 0
10 1150
1160 0
10 1160
1170 0
10 1170
1180 0
10 1180
1190 0
10 1190
1200 0
10 1200
1210 0
10 1210
1220 0
10 1220
1230 0
10 1230
1240 0
10 1240
1250 0
10 1250
1260 0
10 1260
1270 0
10 1270
1280 0
10 1280
1290 0
10 1290
1300 0
10 1300
1310 0
10 1310
1320 0
10 1320
1330 0
10 1330
1340 0
10 1340
1350 0
10 1350
1360 0
10 1360
1370 0
10 1370
1380 0
10 1380
1390 0
10 1390
1400 0
10 1400
1410 0
10 1410
1420 0
10 1420
1430 0
10 1430
1440 0
10 1440
1450 0
10 1450
1460 0
10 1460
1470 0
10 1470
1480 0
10 1480
1490 0
10 1490
1500 0
10 1500
1510 0
10 1510
1520 0
10 1520
1530 0
10 1530
1540 0
10 1540
1550 0
10 1550
1560 0
10 1560
1570 0
10 1570
1580 0
10 1580
1590 0
10 1590
1600 0
10 1600
1610 0
10 1610
1620 0
10 1620
1630 0
10 1630
1640 0
10 1640
1650 0
10 1650
1660 0
10 1660
1670 0
10 1670
1680 0
10 1680
1690 0
10 1690
1700 0
10 1700
1710 0
10 1710
1720 0
10 1720
1730 0
10 1730
1740 0
10 1740
1750 0
10 1750
1760 0
10 1760
1770 0
10 1770
1780 0
10 1780
1790 0
10 1790
1800 0
10 1800
1810 0
10 1810
1820 0
10 1820
1830 0
10 1830
1840 0
10 1840
1850 0
10 1850
1860 0
10 1860
1870 0
10 1870
1880 0
10 1880
1890 0
10 1890
1900 0
10 1900
1910 0
10 1910
1920 0
10 1920
1930 0
10 1930
1940 0
10 1940
1950 0
10 1950
1960 0
10 1960
1970 0
10 1970
1980 0
10 1980
1990 0
10 1990
2000 0
10 2000
2010 0
10 2010
2020 0
10 2020
2030 0
10 2030
2040 0
10 2040
2050 0
10 2050
2060 0
10 2060
2070 0
10 2070
2080 0
10 2080
2090 0
10 2090
2100 0
10 2100
2110 0
10 2110
2120 0
10 2120
2130 0
10 2130
2140 0
10 2140
2150 0
10 2150
2160 0
10 2160
2170 0
10 2170
2180 0
10 2180
2190 0
10 2190
2200 0
10 2200
2210 0
10 2210
2220 0
10 2220
2230 0
10 2230
2240 0
10 2240
2250 0
10 2250
2260 0
10 2260
2270 0
10 2270
2280 0
10 2280
2290 0
10 2290
2300 0
10 2300
2310 0
10 2310
2320 0
10 2320
2330 0
10 2330
2340 0
10 2340
2350 0
10 2350
2360 0
10 2360
2370 0
10 2370
2380 0
10 2380
2390 0
10 2390
2400 0
10 2400
2410 0
10 2410
2420 0
10 2420
2430 0
10 2430
2440 0
10 2440
2450 0
10 2450
2460 0
10 2460
2470 0
10 2470
2480 0
10 2480
2490 0
10 2490
2500 0
10 2500
2510 0
10 2510
2520 0
10 2520
2530 0
10 2530
2540 0
10 2540
2550 0
10 2550
2560 0
10 2560
2570 0
10 2570
2580 0
10 2580
2590 0
10 2590
2600 0
10 2600
2610 0
10 2610
2620 0
10 2620
2630 0
10 2630
2640 0
10 2640
2650 0
10 2650
2660 0
10 2660
2670 0
10 2670
2680 0
10 2680
2690 0
10 2690
2700 0
10 2700
2710 0
10 2710
2720 0
10 2720
2730 0
10 2730
2740 0
10 2740
2750 0
10 2750
2760 0
10 2760
2770 0
10 2770
2780 0
10 2780
2790 0
10 2790
2800 0
10 2800
2810 0
10 2810
2820 0
10 2820
2830 0
10 2830
2840 0
10 2840
2850 0
10 2850
2860 0
10 2860
2870 0
10 2870
2880 0
10 2880
2890 0
10 2890
2900 0
10 2900
2910 0
10 2910
2920 0
10 2920
2930 0
10 2930
2940 0
10 2940
2950 0
10 2950
2960 0
10 2960
2970 0
10 2970
2980 0
10 2980
2990 0
10 2990
3000 0
10 3000
3010 0
10 3010
3020 0
10 3020
3030 0
10 3030
3040 0
10 3040
3050 0
10 3050
3060 0
10 3060
3070 0
10 3070
3080 0
10 3080
3090 0
10 3090
3100 0
10 3100
3110 0
10 3110
3120 0
10 3120
3130 0
10 3130
3140 0
10 3140
3150 0
10 3150
3160 0
10 3160
3170 0
10 3170
3180 0
10 3180
3190 0
10 3190
3200 0
10 3200
3210 0
10 3210
3220 0
10 3220
3230 0
10 3230
3240 0
10 3240
3250 0
10 3250
3260 0
10 3260
3270 0
10 3270
3280 0
10 3280
3290 0
10 3290
3300 0
10 3300
3310 0
10 3310
3320 0
10 3320
3330 0
10 3330
3340 0
10 3340
3350 0
10 3350
3360 0
10 3360
3370 0
10 3370
3380 0
10 3380
3390 0
10 3390
3400 0
10 3400
3410 0
10 3410
3420 0
10 3420
3430 0
10 3430
3440 0
10 3440
3450 0
10 3450
3460 0
10 3460
3470 0
10 3470
3480 0
10 3480
3490 0
10 3490
3500 0
10 3500
3510 0
10 3510
3520 0
10 3520
3530 0
10 3530
3540 0
10 3540
3550 0
10 3550
3560 0
10 3560
3570 0
10 3570
3580 0
10 3580
3590 0
10 3590
3600 0
10 3600
3610 0
10 3610
3620 0
10 3620
3630 0
10 3630
3640 0
10 3640
3650 0
10 3650
3660 0
10 3660
3670 0
10 3670
3680 0
10 3680
3690 0
10 3690
3700 0
10 3700
3710 0
10 3710
3720 0
10 3720
3730 0
10 3730
3740 0
10 3740
3750 0
10 3750
3760 0
10 3760
3770 0
10 3770
3780 0
10 3780
3790 0
10 3790
3800 0
10 3800
3810 0
10 3810
3820 0
10 3820
3830 0
10 3830
3840 0
10 3840
3850 0
10 3850
3860 0
10 3860
3870 0
10 3870
3880 0
10 3880
3890 0
10 3890
3900 0
10 3900
3910 0
10 3910
3920 0
10 3920
3930 0
10 3930
3940 0
10 3940
3950 0
10 3950
3960 0
10 3960
3970 0
10 3970
3980 0
10 3980
3990 0
10 3990
4000 0
10 4000
4010 0
10 4010
4020 0
10 4020
4030 0
10 4030
4040 0
10 4040
4050 0
10 4050
4060 0
10 4060
4070 0
10 4070
4080 0
10 4080
4090 0
10 4090
4100 0
10 4100
4110 0
10 4110
4120 0
10 4120
4130 0
10 4130
4140 0
10 4140
4150 0
10 4150
4160 0
10 4160
4170 0
10 4170
4180 0
10 4180
4190 0
10 4190
4200 0
10 4200
4210 0
10 4210
4220 0
10 4220
4230 0
10 4230
4240 0
10 4240
4250 0
10 4250
4260 0
10 4260
4270 0
10 4270
4280 0
10 4280
4290 0
10 4290
4300 0
10 4300
4310 0
10 4310
4320 0
10 4320
4330 0
10 4330
4340 0
10 4340
4350 0
10 4350
4360 0
10 4360
4370 0
10 4370
4380 0
10 4380
4390 0
10 4390
4400 0
10 4400
4410 0
10 4410
4420 0
10 4420
4430 0
10 4430
4440 0
10 4440
4450 0
10 4450
4460 0
10 4460
4470 0
10 4470
4480 0
10 4480
4490 0
10 4490
4500 0
10 4500
4510 0
10 4510
4520 0
10 4520
4530 0
10 4530
4540 0
10 4540
4550 0
10 4550
4560 0
10 4560
4570 0
10 4570
4580 0
10 4580
4590 0
10 4590
4600 0
10 4600
4610 0
10 4610
4620 0
10 4620
4630 0
10 4630
4640 0
10 4640
4650 0
10 4650
4660 0
10 4660
4670 0
10 4670
4680 0
10 4680
4690 0
10 4690
4700 0
10 4700
4710 0
10 4710
4720 0
10 4720
4730 0
10 4730
4740 0
10 4740
4750 0
10 4750
4760 0
10 4760
4770 0
10 4770
4780 0
10 4780
4790 0
10 4790
4800 0
10 4800
4810 0
10 4810
4820 0
10 4820
4830 0
10 4830
4840 0
10 4840
4850 0
10 4850
4860 0
10 4860
4870 0
10 4870
4880 0
10 4880
4890 0
10 4890
4900 0
10 4900
4910 0
10 4910
4920 0
10 4920
4930 0
10 4930
4940 0
10 4940
4950 0
10 4950
4960 0
10 4960
4970 0
10 4970
4980 0
10 4980
4990 0
10 4990
5000 0
10 5000
5010 0
10 5010
5020 0
10 5020
5030 0
10 5030
5040 0
10 5040
5050 0
10 5050
5060 0
10 5060
5070 0
10 5070
5080 0
10 5080
5090 0
10 5090
5100 0
10 5100
5110 0
10 5110
5120 0
10 5120
5130 0
10 5130
5140 0
10 5140
5150 0
10 5150
5160 0
10 5160
5170 0
10 5170
5180 0
10 5180
5190 0
10 5190
5200 0
10 5200
5210 0
10 5210
5220 0
10 5220
5230 0
10 5230
5240 0
10 5240
5250 0
10 5250
5260 0
10 5260
5270 0
10 5270
5280 0
10 5280
5290 0
10 5290
5300 0
10 5300
5310 0
10 5310
5320 0
10 5320
5330 0
10 5330
5340 0
10 5340
5350 0
10 5350
5360 0
10 5360
5370 0
10 5370
5380 0
10 5380
5390 0
10 5390
5400 0
10 5400
5410 0
10 5410
5420 0
10 5420
5430 0
10 5430
5440 0
10 5440
5450 0
10 5450
5460 0
10 5460
5470 0
10 5470
5480 0
10 5480
5490 0
10 5490
5500 0
10 5500
5510 0
10 5510
5520 0
10 5520
5530 0
10 5530
5540 0
10 5540
5550 0
10 5550
5560 0
10 5560
5570 0
10 5570
5580 0
10 5580
5590 0
10 5590
5600 0
10 5600
5610 0
10 5610
5620 0
10 5620
5630 0
10 5630
5640 0
10 5640
5650 0
10 5650
5660 0
10 5660
5670 0
10 5670
5680 0
10 5680
5690 0
10 5690
5700 0
10 5700
5710 0
10 5710
5720 0
10 5720
5730 0
10 5730
5740 0
10 5740
5750 0
10 5750
5760 0
10 5760
5770 0
10 5770
5780 0
10 5780
5790 0
10 5790
5800 0
10 5800
5810 0
10 5810
5820 0
10 5820
5830 0
10 5830
5840 0
10 5840
5850 0
10 5850
5860 0
10 5860
5870 0
10 5870
5880 0
10 5880
5890 0
10 5890
5900 0
10 5900
5910 0
10 5910
5920 0
10 5920
5930 0
10 5930
5940 0
10 5940
5950 0
10 5950
5960 0
10 5960
5970 0
10 5970
5980 0
10 5980
5990 0
10 5990
6000 0
10 6000
6010 0
10 6010
6020 0
10 6020
6030 0
10 6030
6040 0
10 6040
6050 0
10 6050
6060 0
10 6060
6070 0
10 6070
6080 0
10 6080
6090 0
10 6090
6100 0
10 6100
6110 0
10 6110
6120 0
10 6120
6130 0
10 6130
6140 0
10 6140
6150 0
10 6150
6160 0
10 6160
6170 0
10 6170
6180 0
10 6180
6190 0
10 6190
6200 0
10 6200
6210 0
10 6210
6220 0
10 6220
6230 0
10 6230
6240 0
10 6240
6250 0
10 6250
6260 0
10 6260
6270 0
10 6270
6280 0
10 6280
6290 0
10 6290
6300 0
10 6300
6310 0
10 6310
6320 0
10 6320
6330 0
10 6330
6340 0
10 6340
6350 0
10 6350
6360 0
10 6360
6370 0
10 6370
6380 0
10 6380
6390 0
10 6390
6400 0
10 6400
6410 0
10 6410
6420 0
10 6420
6430 0
10 6430
6440 0
10 6440
6450 0
10 6450
6460 0
10 6460
6470 0
10 6470
6480 0
10 6480
6490 0
10 6490
6500 0
10 6500
6510 0
10 6510
6520 0
10 6520
6530 0
10 6530
6540 0
10 6540
6550 0
10 6550
6560 0
10 6560
6570 0
10 6570
6580 0
10 6580
6590 0
10 6590
6600 0
10 6600
6610 0
10 6610
6620 0
10 6620
6630 0
10 6630
6640 0
10 6640
6650 0
10 6650
6660 0
10 6660
6670 0
10 6670
6680 0
10 6680
6690 0
10 6690
6700 0
10 6700
6710 0
10 6710
6720 0
10 6720
6730 0
10 6730
6740 0
10 6740
6750 0
10 6750
6760 0
10 6760
6770 0
10 6770
6780 0
10 6780
6790 0
10 6790
6800 0
10 6800
6810 0
10 6810
6820 0
10 6820
6830 0
10 6830
6840 0
10 6840
6850 0
10 6850
6860 0
10 6860
6870 0
10 6870
6880 0
10 6880
6890 0
10 6890
6900 0
10 6900
6910 0
10 6910
6920 0
10 6920
6930 0
10 6930
6940 0
10 6940
6950 0
10 6950
6960 0
10 6960
6970 0
10 6970
6980 0
10 6980
6990 0
10 6990
7000 0
10 7000
7010 0
10 7010
7020 0
10 7020
7030 0
10 7030
7040 0
10 7040
7050 0
10 7050
7060 0
10 7060
7070 0
10 7070
7080 0
10 7080
7090 0
10 7090
7100 0
10 7100
7110 0
10 7110
7120 0
10 7120
7130 0
10 7130
7140 0
10 7140
7150 0
10 7150
7160 0
10 7160
7170 0
10 7170
7180 0
10 7180
7190 0
10 7190
7200 0
10 7200
7210 0
10 7210
7220 0
10 7220
7230 0
10 7230
7240 0
10 7240
7250 0
10 7250
7260 0
10 7260
7270 0
10 7270
7280 0
10 7280
7290 0
10 7290
7300 0
10 7300
7310 0
10 7310
7320 0
10 7320
7330 0
10 7330
7340 0
10 7340
7350 0
10 7350
7360 0
10 7360
7370 0
10 7370
7380 0
10 7380
7390 0
10 7390
7400 0
10 7400
7410 0
10 7410
7420 0
10 7420
7430 0
10 7430
7440 0
10 7440
7450 0
10 7450
7460 0
10 7460
7470 0
10 7470
7480 0
10 7480
7490 0
10 7490
7500 0
10 7500
7510 0
10 7510
7520 0
10 7520
7530 0
10 7530
7540 0
10 7540
7550 0
10 7550
7560 0
10 7560
7570 0
10 7570
7580 0
10 7580
7590 0
10 7590
7600 0
10 7600
7610 0
10 7610
7620 0
10 7620
7630 0
10 7630
7640 0
10 7640
7650 0
10 7650
7660 0
10 7660
7670 0
10 7670
7680 0
10 7680
7690 0
10 7690
7700 0
10 7700
7710 0
10 7710
7720 0
10 7720
7730 0
10 7730
7740 0
10 7740
7750 0
10 7750
7760 0
10 7760
7770 0
10 7770
7780 0
10 7780
7790 0
10 7790
7800 0
10 7800
7810 0
10 7810
7820 0
10 7820
7830 0
10 7830
7840 0
10 7840
7850 0
10 7850
7860 0
10 7860
7870 0
10 7870
7880 0
10 7880
7890 0
10 7890
7900 0
10 7900
7910 0
10 7910
7920 0
10 7920
7930 0
10 7930
7940 0
10 7940
7950 0
10 7950
7960 0
10 7960
7970 0
10 7970
7980 0
10 7980
7990 0
10 7990
8000 0
10 8000
8010 0
10 8010
8020 0
10 8020
8030 0
10 8030
8040 0
10 8040
8050 0
10 8050
8060 0
10 8060
8070 0
10 8070
8080 0
10 8080
8090 0
10 8090
8100 0
10 8100
8110 0
10 8110
8120 0
10 8120
8130 0
10 8130
8140 0
10 8140
8150 0
10 8150
8160 0
10 8160
8170 0
10 8170
8180 0
10 8180
8190 0
10 8190
8200 0
10 8200
8210 0
10 8210
8220 0
10 8220
8230 0
10 8230
8240 0
10 8240
8250 0
10 8250
8260 0
10 8260
8270 0
10 8270
8280 0
10 8280
8290 0
10 8290
8300 0
10 8300
8310 0
10 8310
8320 0
10 8320
8330 0
10 8330
8340 0
10 8340
8350 0
10 8350
8360 0
10 8360
8370 0
10 8370
8380 0
10 8380
8390 0
10 8390
8400 0
10 8400
8410 0
10 8410
8420 0
10 8420
8430 0
10 8430
8440 0
10 8440
8450 0
10 8450
8460 0
10 8460
8470 0
10 8470
8480 0
10 8480
8490 0
10 8490
8500 0
10 8500
8510 0
10 8510
8520 0
10 8520
8530 0
10 8530
8540 0
10 8540
8550 0
10 8550
8560 0
10 8560
8570 0
10 8570
8580 0
10 8580
8590 0
10 8590
8600 0
10 8600
8610 0
10 8610
8620 0
10 8620
8630 0
10 8630
8640 0
10 8640
8650 0
10 8650
8660 0
10 8660
8670 0
10 8670
8680 0
10 8680
8690 0
10 8690
8700 0
10 8700
8710 0
10 8710
8720 0
10 8720
8730 0
10 8730
8740 0
10 8740
8750 0
10 8750
8760 0
10 8760
8770 0
10 8770
8780 0
10 8780
8790 0
10 8790
8800 0
10 8800
8810 0
10 8810
8820 0
10 8820
8830 0
10 8830
8840 0
10 8840
8850 0
10 8850
8860 0
10 8860
8870 0
10 8870
8880 0
10 8880
8890 0
10 8890
8900 0
10 8900
8910 0
10 8910
8920 0
10 8920
8930 0
10 8930
8940 0
10 8940
8950 0
10 8950
8960 0
10 8960
8970 0
10 8970
8980 0
10 8980
8990 0
10 8990
9000 0
10 9000
9010 0
10 9010
9020 0
10 9020
9030 0
10 9030
9040 0
10 9040
9050 0
10 9050
9060 0
10 9060
9070 0
10 9070
9080 0
10 9080
9090 0
10 9090
9100 0
10 9100
9110 0
10 9110
9120 0
10 9120
9130 0
10 9130
9140 0
10 9140
9150 0
10 9150
9160 0
10 9160
9170 0
10 9170
9180 0
10 9180
9190 0
10 9190
9200 0
10 9200
9210 0
10 9210
9220 0
10 9220
9230 0
10 9230
9240 0
10 9240
9250 0
10 9250
9260 0
10 9260
9270 0
10 9270
9280 0
10 9280
9290 0
10 9290
9300 0
10 9300
9310 0
10 9310
9320 0
10 9320
9330 0
10 9330
9340 0
10 9340
9350 0
10 9350
9360 0
10 9360
9370 0
10 9370
9380 0
10 9380
9390 0
10 9390
9400 0
10 9400
9410 0
10 9410
9420 0
10 9420
9430 0
10 9430
9440 0
10 9440
9450 0
10 9450
9460 0
10 9460
9470 0
10 9470
9480 0
10 9480
9490 0
10 9490
9500 0
10 9500
9510 0
10 9510
9520 0
10 9520
9530 0
10 9530
9540 0
10 9540
9550 0
10 9550
9560 0
10 9560
9570 0
10 9570
9580 0
10 9580
9590 0
10 9590
9600 0
10 9600
9610 0
10 9610
9620 0
10 9620
9630 0
10 9630
9640 0
10 9640
9650 0
10 9650
9660 0
10 9660
9670 0
10 9670
9680 0
10 9680
9690 0
10 9690
9700 0
10 9700
9710 0
10 9710
9720 0
10 9720
9730 0
10 9730
9740 0
10 9740
9750 0
10 9750
9760 0
10 9760
9770 0
10 9770
9780 0
10 9780
9790 0
10 9790
9800 0
10 9800
9810 0
10 9810
9820 0
10 9820
9830 0
10 9830
9840 0
10 9840
9850 0
10 9850
9860 0
10 9860
9870 0
10 9870
9880 0
10 9880
9890 0
10 9890
9900 0
10 9900
9910 0
10 9910
9920 0
10 9920
9930 0
10 9930
9940 0
10 9940
9950 0
10 9950
9960 0
10 9960
9970 0
10 9970
9980 0
10 9980
9990 0
10 9990
10000 0
10 10000
10010 0
10 10010
10020 0
10 10020
10030 0
10 10030
10040 0
10 10040
10050 0
10 10050
10060 0
10 10060
10070 0
10 10070
10080 0
10 10080
10090 0
10 10090
10100 0
10 10100
10110 0
10 10110
10120 0
10 10120
10130 0
10 10130
10140 0
10 10140
10150 0
10 10150
10160 0
10 10160
10170 0
10 10170
10180 0
10 10180
10190 0
10 10190
10200 0
10 10200
10210 0
10 10210
10220 0
10 10220
10230 0
10 10230
10240 0
10 10240
10250 0
10 10250
10260 0
10 10260
10270 0
10 10270
10280 0
10 10280
10290 0
10 10290
10300 0
10 10300
10310 0
10 10310
10320 0
10 10320
10330 0
10 10330
10340 0
10 10340
10350 0
10 10350
10360 0
10 10360
10370 0
10 10370
10380 0
10 10380
10390 0
10 10390
10400 0
10 10400
10410 0
10 10410
10420 0
10 10420
10430 0
10 10430
10440 0
10 10440
10450 0
10 10450
10460 0
10 10460
10470 0
10 10470
10480 0
10 10480
10490 0
10 10490
10500 0
10 10500
0 10
4099
20 0
10 20
30 0
10 30
40 0
10 40
50 0
10 50
60 0
10 60
70 0
10 70
80 0
10 80
90 0
10 90
100 0
10 100
110 0
10 110
120 0
10 120
130 0
10 130
140 0
10 140
150 0
10 150
160 0
10 160
170 0
10 170
180 0
10 180
190 0
10 190
200 0
10 200
210 0
10 210
220 0
10 220
230 0
10 230
240 0
10 240
250 0
10 250
260 0
10 260
270 0
10 270
280 0
10 280
290 0
10 290
300 0
10 300
310 0
10 310
320 0
10 320
330 0
10 330
340 0
10 340
350 0
10 350
360 0
10 360
370 0
10 370
380 0
10 380
390 0
10 390
400 0
10 400
410 0
10 410
420 0
10 420
430 0
10 430
440 0
10 440
450 0
10 450
460 0
10 460
470 0
10 470
480 0
10 480
490 0
10 490
500 0
10 500
510 0
10 510
520 0
10 520
530 0
10 530
540 0
10 540
550 0
10 550
560 0
10 560
570 0
10 570
580 0
10 580
590 0
10 590
600 0
10 600
610 0
10 610
620 0
10 620
630 0
10 630
640 0
10 640
650 0
10 650
660 0
10 660
670 0
10 670
680 0
10 680
690 0
10 690
700 0
10 700
710 0
10 710
720 0
10 720
730 0
10 730
740 0
10 740
750 0
10 750
760 0
10 760
770 0
10 770
780 0
10 780
790 0
10 790
800 0
10 800
810 0
10 810
820 0
10 820
830 0
10 830
840 0
10 840
850 0
10 850
860 0
10 860
870 0
10 870
880 0
10 880
890 0
10 890
900 0
10 900
910 0
10 910
920 0
10 920
930 0
10 930
940 0
10 940
950 0
10 950
960 0
10 960
970 0
10 970
980 0
10 980
990 0
10 990
1000 0
10 1000
1010 0
10 1010
1020 0
10 1020
1030 0
10 1030
1040 0
10 1040
1050 0
10 1050
1060 0
10 1060
1070 0
10 1070
1080 0
10 1080
1090 0
10 1090
1100 0
10 1100
1110 0
10 1110
1120 0
10 1120
1130 0
10 1130
1140 0
10 1140
1150 0
10 1150
1160 0
10 1160
1170 0
10 1170
1180 0
10 1180
1190 0
10 1190
1200 0
10 1200
1210 0
10 1210
1220 0
10 1220
1230 0
10 1230
1240 0
10 1240
1250 0
10 1250
1260 0
10 1260
1270 0
10 1270
1280 0
10 1280
1290 0
10 1290
1300 0
10 1300
1310 0
10 1310
1320 0
10 1320
1330 0
10 1330
1340 0
10 1340
1350 0
10 1350
1360 0
10 1360
1370 0
10 1370
1380 0
10 1380
1390 0
10 1390
1400 0
10 1400
1410 0
10 1410
1420 0
10 1420
1430 0
10 1430
1440 0
10 1440
1450 0
10 1450
1460 0
10 1460
1470 0
10 1470
1480 0
10 1480
1490 0
10 1490
1500 0
10 1500
1510 0
10 1510
1520 0
10 1520
1530 0
10 1530
1540 0
10 1540
1550 0
10 1550
1560 0
10 1560
1570 0
10 1570
1580 0
10 1580
1590 0
10 1590
1600 0
10 1600
1610 0
10 1610
1620 0
10 1620
1630 0
10 1630
1640 0
10 1640
1650 0
10 1650
1660 0
10 1660
1670 0
10 1670
1680 0
10 1680
1690 0
10 1690
1700 0
10 1700
1710 0
10 1710
1720 0
10 1720
1730 0
10 1730
1740 0
10 1740
1750 0
10 1750
1760 0
10 1760
1770 0
10 1770
1780 0
10 1780
1790 0
10 1790
1800 0
10 1800
1810 0
10 1810
1820 0
10 1820
1830 0
10 1830
1840 0
10 1840
1850 0
10 1850
1860 0
10 1860
1870 0
10 1870
1880 0
10 1880
1890 0
10 1890
1900 0
10 1900
1910 0
10 1910
1920 0
10 1920
1930 0
10 1930
1940 0
10 1940
1950 0
10 1950
1960 0
10 1960
1970 0
10 1970
1980 0
10 1980
1990 0
10 1990
2000 0
10 2000
2010 0
10 2010
2020 0
10 2020
2030 0
10 2030
2040 0
10 2040
2050 0
10 2050
2060 0
10 2060
2070 0
10 2070
2080 0
10 2080
2090 0
10 2090
2100 0
10 2100
2110 0
10 2110
2120 0
10 2120
2130 0
10 2130
2140 0
10 2140
2150 0
10 2150
2160 0
10 2160
2170 0
10 2170
2180 0
10 2180
2190 0
10 2190
2200 0
10 2200
2210 0
10 2210
2220 0
10 2220
2230 0
10 2230
2240 0
10 2240
2250 0
10 2250
2260 0
10 2260
2270 0
10 2270
2280 0
10 2280
2290 0
10 2290
2300 0
10 2300
2310 0
10 2310
2320 0
10 2320
2330 0
10 2330
2340 0
10 2340
2350 0
10 2350
2360 0
10 2360
2370 0
10 2370
2380 0
10 2380
2390 0
10 2390
2400 0
10 2400
2410 0
10 2410
2420 0
10 2420
2430 0
10 2430
2440 0
10 2440
2450 0
10 2450
2460 0
10 2460
2470 0
10 2470
2480 0
10 2480
2490 0
10 2490
2500 0
10 2500
2510 0
10 2510
2520 0
10 2520
2530 0
10 2530
2540 0
10 2540
2550 0
10 2550
2560 0
10 2560
2570 0
10 2570
2580 0
10 2580
2590 0
10 2590
2600 0
10 2600
2610 0
10 2610
2620 0
10 2620
2630 0
10 2630
2640 0
10 2640
2650 0
10 2650
2660 0
10 2660
2670 0
10 2670
2680 0
10 2680
2690 0
10 2690
2700 0
10 2700
2710 0
10 2710
2720 0
10 2720
2730 0
10 2730
2740 0
10 2740
2750 0
10 2750
2760 0
10 2760
2770 0
10 2770
2780 0
10 2780
2790 0
10 2790
2800 0
10 2800
2810 0
10 2810
2820 0
10 2820
2830 0
10 2830
2840 0
10 2840
2850 0
10 2850
2860 0
10 2860
2870 0
10 2870
2880 0
10 2880
2890 0
10 2890
2900 0
10 2900
2910 0
10 2910
2920 0
10 2920
2930 0
10 2930
2940 0
10 2940
2950 0
10 2950
2960 0
10 2960
2970 0
10 2970
2980 0
10 2980
2990 0
10 2990
3000 0
10 3000
3010 0
10 3010
3020 0
10 3020
3030 0
10 3030
3040 0
10 3040
3050 0
10 3050
3060 0
10 3060
3070 0
10 3070
3080 0
10 3080
3090 0
10 3090
3100 0
10 3100
3110 0
10 3110
3120 0
10 3120
3130 0
10 3130
3140 0
10 3140
3150 0
10 3150
3160 0
10 3160
3170 0
10 3170
3180 0
10 3180
3190 0
10 3190
3200 0
10 3200
3210 0
10 3210
3220 0
10 3220
3230 0
10 3230
3240 0
10 3240
3250 0
10 3250
3260 0
10 3260
3270 0
10 3270
3280 0
10 3280
3290 0
10 3290
3300 0
10 3300
3310 0
10 3310
3320 0
10 3320
3330 0
10 3330
3340 0
10 3340
3350 0
10 3350
3360 0
10 3360
3370 0
10 3370
3380 0
10 3380
3390 0
10 3390
3400 0
10 3400
3410 0
10 3410
3420 0
10 3420
3430 0
10 3430
3440 0
10 3440
3450 0
10 3450
3460 0
10 3460
3470 0
10 3470
3480 0
10 3480
3490 0
10 3490
3500 0
10 3500
3510 0
10 3510
3520 0
10 3520
3530 0
10 3530
3540 0
10 3540
3550 0
10 3550
3560 0
10 3560
3570 0
10 3570
3580 0
10 3580
3590 0
10 3590
3600 0
10 3600
3610 0
10 3610
3620 0
10 3620
3630 0
10 3630
3640 0
10 3640
3650 0
10 3650
3660 0
10 3660
3670 0
10 3670
3680 0
10 3680
3690 0
10 3690
3700 0
10 3700
3710 0
10 3710
3720 0
10 3720
3730 0
10 3730
3740 0
10 3740
3750 0
10 3750
3760 0
10 3760
3770 0
10 3770
3780 0
10 3780
3790 0
10 3790
3800 0
10 3800
3810 0
10 3810
3820 0
10 3820
3830 0
10 3830
3840 0
10 3840
3850 0
10 3850
3860 0
10 3860
3870 0
10 3870
3880 0
10 3880
3890 0
10 3890
3900 0
10 3900
3910 0
10 3910
3920 0
10 3920
3930 0
10 3930
3940 0
10 3940
3950 0
10 3950
3960 0
10 3960
3970 0
10 3970
3980 0
10 3980
3990 0
10 3990
4000 0
10 4000
4010 0
10 4010
4020 0
10 4020
4030 0
10 4030
4040 0
10 4040
4050 0
10 4050
4060 0
10 4060
4070 0
10 4070
4080 0
10 4080
4090 0
10 4090
4100 0
10 4100
4110 0
10 4110
4120 0
10 4120
4130 0
10 4130
4140 0
10 4140
4150 0
10 4150
4160 0
10 4160
4170 0
10 4170
4180 0
10 4180
4190 0
10 4190
4200 0
10 4200
4210 0
10 4210
4220 0
10 4220
4230 0
10 4230
4240 0
10 4240
4250 0
10 4250
4260 0
10 4260
4270 0
10 4270
4280 0
10 4280
4290 0
10 4290
4300 0
10 4300
4310 0
10 4310
4320 0
10 4320
4330 0
10 4330
4340 0
10 4340
4350 0
10 4350
4360 0
10 4360
4370 0
10 4370
4380 0
10 4380
4390 0
10 4390
4400 0
10 4400
4410 0
10 4410
4420 0
10 4420
4430 0
10 4430
4440 0
10 4440
4450 0
10 4450
4460 0
10 4460
4470 0
10 4470
4480 0
10 4480
4490 0
10 4490
4500 0
10 4500
4510 0
10 4510
4520 0
10 4520
4530 0
10 4530
4540 0
10 4540
4550 0
10 4550
4560 0
10 4560
4570 0
10 4570
4580 0
10 4580
4590 0
10 4590
4600 0
10 4600
4610 0
10 4610
4620 0
10 4620
4630 0
10 4630
4640 0
10 4640
4650 0
10 4650
4660 0
10 4660
4670 0
10 4670
4680 0
10 4680
4690 0
10 4690
4700 0
10 4700
4710 0
10 4710
4720 0
10 4720
4730 0
10 4730
4740 0
10 4740
4750 0
10 4750
4760 0
10 4760
4770 0
10 4770
4780 0
10 4780
4790 0
10 4790
4800 0
10 4800
4810 0
10 4810
4820 0
10 4820
4830 0
10 4830
4840 0
10 4840
4850 0
10 4850
4860 0
10 4860
4870 0
10 4870
4880 0
10 4880
4890 0
10 4890
4900 0
10 4900
4910 0
10 4910
4920 0
10 4920
4930 0
10 4930
4940 0
10 4940
4950 0
10 4950
4960 0
10 4960
4970 0
10 4970
4980 0
10 4980
4990 0
10 4990
5000 0
10 5000
5010 0
10 5010
5020 0
10 5020
5030 0
10 5030
5040 0
10 5040
5050 0
10 5050
5060 0
10 5060
5070 0
10 5070
5080 0
10 5080
5090 0
10 5090
5100 0
10 5100
5110 0
10 5110
5120 0
10 5120
5130 0
10 5130
5140 0
10 5140
5150 0
10 5150
5160 0
10 5160
5170 0
10 5170
5180 0
10 5180
5190 0
10 5190
5200 0
10 5200
5210 0
10 5210
5220 0
10 5220
5230 0
10 5230
5240 0
10 5240
5250 0
10 5250
5260 0
10 5260
5270 0
10 5270
5280 0
10 5280
5290 0
10 5290
5300 0
10 5300
5310 0
10 5310
5320 0
10 5320
5330 0
10 5330
5340 0
10 5340
5350 0
10 5350
5360 0
10 5360
5370 0
10 5370
5380 0
10 5380
5390 0
10 5390
5400 0
10 5400
5410 0
10 5410
5420 0
10 5420
5430 0
10 5430
5440 0
10 5440
5450 0
10 5450
5460 0
10 5460
5470 0
10 5470
5480 0
10 5480
5490 0
10 5490
5500 0
10 5500
5510 0
10 5510
5520 0
10 5520
5530 0
10 5530
5540 0
10 5540
5550 0
10 5550
5560 0
10 5560
5570 0
10 5570
5580 0
10 5580
5590 0
10 5590
5600 0
10 5600
5610 0
10 5610
5620 0
10 5620
5630 0
10 5630
5640 0
10 5640
5650 0
10 5650
5660 0
10 5660
5670 0
10 5670
5680 0
10 5680
5690 0
10 5690
5700 0
10 5700
5710 0
10 5710
5720 0
10 5720
5730 0
10 5730
5740 0
10 5740
5750 0
10 5750
5760 0
10 5760
5770 0
10 5770
5780 0
10 5780
5790 0
10 5790
5800 0
10 5800
5810 0
10 5810
5820 0
10 5820
5830 0
10 5830
5840 0
10 5840
5850 0
10 5850
5860 0
10 5860
5870 0
10 5870
5880 0
10 5880
5890 0
10 5890
5900 0
10 5900
5910 0
10 5910
5920 0
10 5920
5930 0
10 5930
5940 0
10 5940
5950 0
10 5950
5960 0
10 5960
5970 0
10 5970
5980 0
10 5980
5990 0
10 5990
6000 0
10 6000
6010 0
10 6010
6020 0
10 6020
6030 0
10 6030
6040 0
10 6040
6050 0
10 6050
6060 0
10 6060
6070 0
10 6070
6080 0
10 6080
6090 0
10 6090
6100 0
10 6100
6110 0
10 6110
6120 0
10 6120
6130 0
10 6130
6140 0
10 6140
6150 0
10 6150
6160 0
10 6160
6170 0
10 6170
6180 0
10 6180
6190 0
10 6190
6200 0
10 6200
6210 0
10 6210
6220 0
10 6220
6230 0
10 6230
6240 0
10 6240
6250 0
10 6250
6260 0
10 6260
6270 0
10 6270
6280 0
10 6280
6290 0
10 6290
6300 0
10 6300
6310 0
10 6310
6320 0
10 6320
6330 0
10 6330
6340 0
10 6340
6350 0
10 6350
6360 0
10 6360
6370 0
10 6370
6380 0
10 6380
6390 0
10 6390
6400 0
10 6400
6410 0
10 6410
6420 0
10 6420
6430 0
10 6430
6440 0
10 6440
6450 0
10 6450
6460 0
10 6460
6470 0
10 6470
6480 0
10 6480
6490 0
10 6490
6500 0
10 6500
6510 0
10 6510
6520 0
10 6520
6530 0
10 6530
6540 0
10 6540
6550 0
10 6550
6560 0
10 6560
6570 0
10 6570
6580 0
10 6580
6590 0
10 6590
6600 0
10 6600
6610 0
10 6610
6620 0
10 6620
6630 0
10 6630
6640 0
10 6640
6650 0
10 6650
6660 0
10 6660
6670 0
10 6670
6680 0
10 6680
6690 0
10 6690
6700 0
10 6700
6710 0
10 6710
6720 0
10 6720
6730 0
10 6730
6740 0
10 6740
6750 0
10 6750
6760 0
10 6760
6770 0
10 6770
6780 0
10 6780
6790 0
10 6790
6800 0
10 6800
6810 0
10 6810
6820 0
10 6820
6830 0
10 6830
6840 0
10 6840
6850 0
10 6850
6860 0
10 6860
6870 0
10 6870
6880 0
10 6880
6890 0
10 6890
6900 0
10 6900
6910 0
10 6910
6920 0
10 6920
6930 0
10 6930
6940 0
10 6940
6950 0
10 6950
6960 0
10 6960
6970 0
10 6970
6980 0
10 6980
6990 0
10 6990
7000 0
10 7000
7010 0
10 7010
7020 0
10 7020
7030 0
10 7030
7040 0
10 7040
7050 0
10 7050
7060 0
10 7060
7070 0
10 7070
7080 0
10 7080
7090 0
10 7090
7100 0
10 7100
7110 0
10 7110
7120 0
10 7120
7130 0
10 7130
7140 0
10 7140
7150 0
10 7150
7160 0
10 7160
7170 0
10 7170
7180 0
10 7180
7190 0
10 7190
7200 0
10 7200
7210 0
10 7210
7220 0
10 7220
7230 0
10 7230
7240 0
10 7240
7250 0
10 7250
7260 0
10 7260
7270 0
10 7270
7280 0
10 7280
7290 0
10 7290
7300 0
10 7300
7310 0
10 7310
7320 0
10 7320
7330 0
10 7330
7340 0
10 7340
7350 0
10 7350
7360 0
10 7360
7370 0
10 7370
7380 0
10 7380
7390 0
10 7390
7400 0
10 7400
7410 0
10 7410
7420 0
10 7420
7430 0
10 7430
7440 0
10 7440
7450 0
10 7450
7460 0
10 7460
7470 0
10 7470
7480 0
10 7480
7490 0
10 7490
7500 0
10 7500
7510 0
10 7510
7520 0
10 7520
7530 0
10 7530
7540 0
10 7540
7550 0
10 7550
7560 0
10 7560
7570 0
10 7570
7580 0
10 7580
7590 0
10 7590
7600 0
10 7600
7610 0
10 7610
7620 0
10 7620
7630 0
10 7630
7640 0
10 7640
7650 0
10 7650
7660 0
10 7660
7670 0
10 7670
7680 0
10 7680
7690 0
10 7690
7700 0
10 7700
7710 0
10 7710
7720 0
10 7720
7730 0
10 7730
7740 0
10 7740
7750 0
10 7750
7760 0
10 7760
7770 0
10 7770
7780 0
10 7780
7790 0
10 7790
7800 0
10 7800
7810 0
10 7810
7820 0
10 7820
7830 0
10 7830
7840 0
10 7840
7850 0
10 7850
7860 0
10 7860
7870 0
10 7870
7880 0
10 7880
7890 0
10 7890
7900 0
10 7900
7910 0
10 7910
7920 0
10 7920
7930 0
10 7930
7940 0
10 7940
7950 0
10 7950
7960 0
10 7960
7970 0
10 7970
7980 0
10 7980
7990 0
10 7990
8000 0
10 8000
8010 0
10 8010
8020 0
10 8020
8030 0
10 8030
8040 0
10 8040
8050 0
10 8050
8060 0
10 8060
8070 0
10 8070
8080 0
10 8080
8090 0
10 8090
8100 0
10 8100
8110 0
10 8110
8120 0
10 8120
8130 0
10 8130
8140 0
10 8140
8150 0
10 8150
8160 0
10 8160
8170 0
10 8170
8180 0
10 8180
8190 0
10 8190
8200 0
10 8200
8210 0
10 8210
8220 0
10 8220
8230 0
10 8230
8240 0
10 8240
8250 0
10 8250
8260 0
10 8260
8270 0
10 8270
8280 0
10 8280
8290 0
10 8290
8300 0
10 8300
8310 0
10 8310
8320 0
10 8320
8330 0
10 8330
8340 0
10 8340
8350 0
10 8350
8360 0
10 8360
8370 0
10 8370
8380 0
10 8380
8390 0
10 8390
8400 0
10 8400
8410 0
10 8410
8420 0
10 8420
8430 0
10 8430
8440 0
10 8440
8450 0
10 8450
8460 0
10 8460
8470 0
10 8470
8480 0
10 8480
8490 0
10 8490
8500 0
10 8500
8510 0
10 8510
8520 0
10 8520
8530 0
10 8530
8540 0
10 8540
8550 0
10 8550
8560 0
10 8560
8570 0
10 8570
8580 0
10 8580
8590 0
10 8590
8600 0
10 8600
8610 0
10 8610
8620 0
10 8620
8630 0
10 8630
8640 0
10 8640
8650 0
10 8650
8660 0
10 8660
8670 0
10 8670
8680 0
10 8680
8690 0
10 8690
8700 0
10 8700
8710 0
10 8710
8720 0
10 8720
8730 0
10 8730
8740 0
10 8740
8750 0
10 8750
8760 0
10 8760
8770 0
10 8770
8780 0
10 8780
8790 0
10 8790
8800 0
10 8800
8810 0
10 8810
8820 0
10 8820
8830 0
10 8830
8840 0
10 8840
8850 0
10 8850
8860 0
10 8860
8870 0
10 8870
8880 0
10 8880
8890 0
10 8890
8900 0
10 8900
8910 0
10 8910
8920 0
10 8920
8930 0
10 8930
8940 0
10 8940
8950 0
10 8950
8960 0
10 8960
8970 0
10 8970
8980 0
10 8980
8990 0
10 8990
9000 0
10 9000
9010 0
10 9010
9020 0
10 9020
9030 0
10 9030
9040 0
10 9040
9050 0
10 9050
9060 0
10 9060
9070 0
10 9070
9080 0
10 9080
9090 0
10 9090
9100 0
10 9100
9110 0
10 9110
9120 0
10 9120
9130 0
10 9130
9140 0
10 9140
9150 0
10 9150
9160 0
10 9160
9170 0
10 9170
9180 0
10 9180
9190 0
10 9190
9200 0
10 9200
9210 0
10 9210
9220 0
10 9220
9230 0
10 9230
9240 0
10 9240
9250 0
10 9250
9260 0
10 9260
9270 0
10 9270
9280 0
10 9280
9290 0
10 9290
9300 0
10 9300
9310 0
10 9310
9320 0
10 9320
9330 0
10 9330
9340 0
10 9340
9350 0
10 9350
9360 0
10 9360
9370 0
10 9370
9380 0
10 9380
9390 0
10 9390
9400 0
10 9400
9410 0
10 9410
9420 0
10 9420
9430 0
10 9430
9440 0
10 9440
9450 0
10 9450
9460 0
10 9460
9470 0
10 9470
9480 0
10 9480
9490 0
10 9490
9500 0
10 9500
9510 0
10 9510
9520 0
10 9520
9530 0
10 9530
9540 0
10 9540
9550 0
10 9550
9560 0
10 9560
9570 0
10 9570
9580 0
10 9580
9590 0
10 9590
9600 0
10 9600
9610 0
10 9610
9620 0
10 9620
9630 0
10 9630
9640 0
10 9640
9650 0
10 9650
9660 0
10 9660
9670 0
10 9670
9680 0
10 9680
9690 0
10 9690
9700 0
10 9700
9710 0
10 9710
9720 0
10 9720
9730 0
10 9730
9740 0
10 9740
9750 0
10 9750
9760 0
10 9760
9770 0
10 9770
9780 0
10 9780
9790 0
10 9790
9800 0
10 9800
9810 0
10 9810
9820 0
10 9820
9830 0
10 9830
9840 0
10 9840
9850 0
10 9850
9860 0
10 9860
9870 0
10 9870
9880 0
10 9880
9890 0
10 9890
9900 0
10 9900
9910 0
10 9910
9920 0
10 9920
9930 0
10 9930
9940 0
10 9940
9950 0
10 9950
9960 0
10 9960
9970 0
10 9970
9980 0
10 9980
9990 0
10 9990
10000 0
10 10000
10010 0
10 10010
10020 0
10 10020
10030 0
10 10030
10040 0
10 10040
10050 0
10 10050
10060 0
10 10060
10070 0
10 10070
10080 0
10 10080
10090 0
10 10090
10100 0
10 10100
10110 0
10 10110
10120 0
10 10120
10130 0
10 10130
10140 0
10 10140
10150 0
10 10150
10160 0
10 10160
10170 0
10 10170
10180 0
10 10180
10190 0
10 10190
10200 0
10 10200
10210 0
10 10210
10220 0
10 10220
10230 0
10 10230
10240 0
10 10240
10250 0
10 10250
10260 0
10 10260
10270 0
10 10270
10280 0
10 10280
10290 0
10 10290
10300 0
10 10300
10310 0
10 10310
10320 0
10 10320
10330 0
10 10330
10340 0
10 10340
10350 0
10 10350
10360 0
10 10360
10370 0
10 10370
10380 0
10 10380
10390 0
10 10390
10400 0
10 10400
10410 0
10 10410
10420 0
10 10420
10430 0
10 10430
10440 0
10 10440
10450 0
10 10450
10460 0
10 10460
10470 0
10 10470
10480 0
10 10480
10490 0
10 10490
10500 0
10 10500
10510 0
10 10510
10520 0
10 10520
10530 0
10 10530
10540 0
10 10540
10550 0
10 10550
10560 0
10 10560
10570 0
10 10570
10580 0
10 10580
10590 0
10 10590
10600 0
10 10600
10610 0
10 10610
10620 0
10 10620
10630 0
10 10630
10640 0
10 10640
10650 0
10 10650
10660 0
10 10660
10670 0
10 10670
10680 0
10 10680
10690 0
10 10690
10700 0
10 10700
10710 0
10 10710
10720 0
10 10720
10730 0
10 10730
10740 0
10 10740
10750 0
10 10750
10760 0
10 10760
10770 0
10 10770
10780 0
10 10780
10790 0
10 10790
10800 0
10 10800
10810 0
10 10810
10820 0
10 10820
10830 0
10 10830
10840 0
10 10840
10850 0
10 10850
10860 0
10 10860
10870 0
10 10870
10880 0
10 10880
10890 0
10 10890
10900 0
10 10900
10910 0
10 10910
10920 0
10 10920
10930 0
10 10930
10940 0
10 10940
10950 0
10 10950
10960 0
10 10960
10970 0
10 10970
10980 0
10 10980
10990 0
10 10990
11000 0
10 11000
11010 0
10 11010
11020 0
10 11020
11030 0
10 11030
11040 0
10 11040
11050 0
10 11050
11060 0
10 11060
11070 0
10 11070
11080 0
10 11080
11090 0
10 11090
11100 0
10 11100
11110 0
10 11110
11120 0
10 11120
11130 0
10 11130
11140 0
10 11140
11150 0
10 11150
11160 0
10 11160
11170 0
10 11170
11180 0
10 11180
11190 0
10 11190
11200 0
10 11200
11210 0
10 11210
11220 0
10 11220
11230 0
10 11230
11240 0
10 11240
11250 0
10 11250
11260 0
10 11260
11270 0
10 11270
11280 0
10 11280
11290 0
10 11290
11300 0
10 11300
11310 0
10 11310
11320 0
10 11320
11330 0
10 11330
11340 0
10 11340
11350 0
10 11350
11360 0
10 11360
11370 0
10 11370
11380 0
10 11380
11390 0
10 11390
11400 0
10 11400
11410 0
10 11410
11420 0
10 11420
11430 0
10 11430
11440 0
10 11440
11450 0
10 11450
11460 0
10 11460
11470 0
10 11470
11480 0
10 11480
11490 0
10 11490
11500 0
10 11500
11510 0
10 11510
11520 0
10 11520
11530 0
10 11530
11540 0
10 11540
11550 0
10 11550
11560 0
10 11560
11570 0
10 11570
11580 0
10 11580
11590 0
10 11590
11600 0
10 11600
11610 0
10 11610
11620 0
10 11620
11630 0
10 11630
11640 0
10 11640
11650 0
10 11650
11660 0
10 11660
11670 0
10 11670
11680 0
10 11680
11690 0
10 11690
11700 0
10 11700
11710 0
10 11710
11720 0
10 11720
11730 0
10 11730
11740 0
10 11740
11750 0
10 11750
11760 0
10 11760
11770 0
10 11770
11780 0
10 11780
11790 0
10 11790
11800 0
10 11800
11810 0
10 11810
11820 0
10 11820
11830 0
10 11830
11840 0
10 11840
11850 0
10 11850
11860 0
10 11860
11870 0
10 11870
11880 0
10 11880
11890 0
10 11890
11900 0
10 11900
11910 0
10 11910
11920 0
10 11920
11930 0
10 11930
11940 0
10 11940
11950 0
10 11950
11960 0
10 11960
11970 0
10 11970
11980 0
10 11980
11990 0
10 11990
12000 0
10 12000
12010 0
10 12010
12020 0
10 12020
12030 0
10 12030
12040 0
10 12040
12050 0
10 12050
12060 0
10 12060
12070 0
10 12070
12080 0
10 12080
12090 0
10 12090
12100 0
10 12100
12110 0
10 12110
12120 0
10 12120
12130 0
10 12130
12140 0
10 12140
12150 0
10 12150
12160 0
10 12160
12170 0
10 12170
12180 0
10 12180
12190 0
10 12190
12200 0
10 12200
12210 0
10 12210
12220 0
10 12220
12230 0
10 12230
12240 0
10 12240
12250 0
10 12250
12260 0
10 12260
12270 0
10 12270
12280 0
10 12280
12290 0
10 12290
12300 0
10 12300
12310 0
10 12310
12320 0
10 12320
12330 0
10 12330
12340 0
10 12340
12350 0
10 12350
12360 0
10 12360
12370 0
10 12370
12380 0
10 12380
12390 0
10 12390
12400 0
10 12400
12410 0
10 12410
12420 0
10 12420
12430 0
10 12430
12440 0
10 12440
12450 0
10 12450
12460 0
10 12460
12470 0
10 12470
12480 0
10 12480
12490 0
10 12490
12500 0
10 12500
12510 0
10 12510
12520 0
10 12520
12530 0
10 12530
12540 0
10 12540
12550 0
10 12550
12560 0
10 12560
12570 0
10 12570
12580 0
10 12580
12590 0
10 12590
12600 0
10 12600
12610 0
10 12610
12620 0
10 12620
12630 0
10 12630
12640 0
10 12640
12650 0
10 12650
12660 0
10 12660
12670 0
10 12670
12680 0
10 12680
12690 0
10 12690
12700 0
10 12700
12710 0
10 12710
12720 0
10 12720
12730 0
10 12730
12740 0
10 12740
12750 0
10 12750
12760 0
10 12760
12770 0
10 12770
12780 0
10 12780
12790 0
10 12790
12800 0
10 12800
12810 0
10 12810
12820 0
10 12820
12830 0
10 12830
12840 0
10 12840
12850 0
10 12850
12860 0
10 12860
12870 0
10 12870
12880 0
10 12880
12890 0
10 12890
12900 0
10 12900
12910 0
10 12910
12920 0
10 12920
12930 0
10 12930
12940 0
10 12940
12950 0
10 12950
12960 0
10 12960
12970 0
10 12970
12980 0
10 12980
12990 0
10 12990
13000 0
10 13000
13010 0
10 13010
13020 0
10 13020
13030 0
10 13030
13040 0
10 13040
13050 0
10 13050
13060 0
10 13060
13070 0
10 13070
13080 0
10 13080
13090 0
10 13090
13100 0
10 13100
13110 0
10 13110
13120 0
10 13120
13130 0
10 13130
13140 0
10 13140
13150 0
10 13150
13160 0
10 13160
13170 0
10 13170
13180 0
10 13180
13190 0
10 13190
13200 0
10 13200
13210 0
10 13210
13220 0
10 13220
13230 0
10 13230
13240 0
10 13240
13250 0
10 13250
13260 0
10 13260
13270 0
10 13270
13280 0
10 13280
13290 0
10 13290
13300 0
10 13300
13310 0
10 13310
13320 0
10 13320
13330 0
10 13330
13340 0
10 13340
13350 0
10 13350
13360 0
10 13360
13370 0
10 13370
13380 0
10 13380
13390 0
10 13390
13400 0
10 13400
13410 0
10 13410
13420 0
10 13420
13430 0
10 13430
13440 0
10 13440
13450 0
10 13450
13460 0
10 13460
13470 0
10 13470
13480 0
10 13480
13490 0
10 13490
13500 0
10 13500
13510 0
10 13510
13520 0
10 13520
13530 0
10 13530
13540 0
10 13540
13550 0
10 13550
13560 0
10 13560
13570 0
10 13570
13580 0
10 13580
13590 0
10 13590
13600 0
10 13600
13610 0
10 13610
13620 0
10 13620
13630 0
10 13630
13640 0
10 13640
13650 0
10 13650
13660 0
10 13660
13670 0
10 13670
13680 0
10 13680
13690 0
10 13690
13700 0
10 13700
13710 0
10 13710
13720 0
10 13720
13730 0
10 13730
13740 0
10 13740
13750 0
10 13750
13760 0
10 13760
13770 0
10 13770
13780 0
10 13780
13790 0
10 13790
13800 0
10 13800
13810 0
10 13810
13820 0
10 13820
13830 0
10 13830
13840 0
10 13840
13850 0
10 13850
13860 0
10 13860
13870 0
10 13870
13880 0
10 13880
13890 0
10 13890
13900 0
10 13900
13910 0
10 13910
13920 0
10 13920
13930 0
10 13930
13940 0
10 13940
13950 0
10 13950
13960 0
10 13960
13970 0
10 13970
13980 0
10 13980
13990 0
10 13990
14000 0
10 14000
14010 0
10 14010
14020 0
10 14020
14030 0
10 14030
14040 0
10 14040
14050 0
10 14050
14060 0
10 14060
14070 0
10 14070
14080 0
10 14080
14090 0
10 14090
14100 0
10 14100
14110 0
10 14110
14120 0
10 14120
14130 0
10 14130
14140 0
10 14140
14150 0
10 14150
14160 0
10 14160
14170 0
10 14170
14180 0
10 14180
14190 0
10 14190
14200 0
10 14200
14210 0
10 14210
14220 0
10 14220
14230 0
10 14230
14240 0
10 14240
14250 0
10 14250
14260 0
10 14260
14270 0
10 14270
14280 0
10 14280
14290 0
10 14290
14300 0
10 14300
14310 0
10 14310
14320 0
10 14320
14330 0
10 14330
14340 0
10 14340
14350 0
10 14350
14360 0
10 14360
14370 0
10 14370
14380 0
10 14380
14390 0
10 14390
14400 0
10 14400
14410 0
10 14410
14420 0
10 14420
14430 0
10 14430
14440 0
10 14440
14450 0
10 14450
14460 0
10 14460
14470 0
10 14470
14480 0
10 14480
14490 0
10 14490
14500 0
10 14500
14510 0
10 14510
14520 0
10 14520
14530 0
10 14530
14540 0
10 14540
14550 0
10 14550
14560 0
10 14560
14570 0
10 14570
14580 0
10 14580
14590 0
10 14590
14600 0
10 14600
14610 0
10 14610
14620 0
10 14620
14630 0
10 14630
14640 0
10 14640
14650 0
10 14650
14660 0
10 14660
14670 0
10 14670
14680 0
10 14680
14690 0
10 14690
14700 0
10 14700
14710 0
10 14710
14720 0
10 14720
14730 0
10 14730
14740 0
10 14740
14750 0
10 14750
14760 0
10 14760
14770 0
10 14770
14780 0
10 14780
14790 0
10 14790
14800 0
10 14800
14810 0
10 14810
14820 0
10 14820
14830 0
10 14830
14840 0
10 14840
14850 0
10 14850
14860 0
10 14860
14870 0
10 14870
14880 0
10 14880
14890 0
10 14890
14900 0
10 14900
14910 0
10 14910
14920 0
10 14920
14930 0
10 14930
14940 0
10 14940
14950 0
10 14950
14960 0
10 14960
14970 0
10 14970
14980 0
10 14980
14990 0
10 14990
15000 0
10 15000
15010 0
10 15010
15020 0
10 15020
15030 0
10 15030
15040 0
10 15040
15050 0
10 15050
15060 0
10 15060
15070 0
10 15070
15080 0
10 15080
15090 0
10 15090
15100 0
10 15100
15110 0
10 15110
15120 0
10 15120
15130 0
10 15130
15140 0
10 15140
15150 0
10 15150
15160 0
10 15160
15170 0
10 15170
15180 0
10 15180
15190 0
10 15190
15200 0
10 15200
15210 0
10 15210
15220 0
10 15220
15230 0
10 15230
15240 0
10 15240
15250 0
10 15250
15260 0
10 15260
15270 0
10 15270
15280 0
10 15280
15290 0
10 15290
15300 0
10 15300
15310 0
10 15310
15320 0
10 15320
15330 0
10 15330
15340 0
10 15340
15350 0
10 15350
15360 0
10 15360
15370 0
10 15370
15380 0
10 15380
15390 0
10 15390
15400 0
10 15400
15410 0
10 15410
15420 0
10 15420
15430 0
10 15430
15440 0
10 15440
15450 0
10 15450
15460 0
10 15460
15470 0
10 15470
15480 0
10 15480
15490 0
10 15490
15500 0
10 15500
15510 0
10 15510
15520 0
10 15520
15530 0
10 15530
15540 0
10 15540
15550 0
10 15550
15560 0
10 15560
15570 0
10 15570
15580 0
10 15580
15590 0
10 15590
15600 0
10 15600
15610 0
10 15610
15620 0
10 15620
15630 0
10 15630
15640 0
10 15640
15650 0
10 15650
15660 0
10 15660
15670 0
10 15670
15680 0
10 15680
15690 0
10 15690
15700 0
10 15700
15710 0
10 15710
15720 0
10 15720
15730 0
10 15730
15740 0
10 15740
15750 0
10 15750
15760 0
10 15760
15770 0
10 15770
15780 0
10 15780
15790 0
10 15790
15800 0
10 15800
15810 0
10 15810
15820 0
10 15820
15830 0
10 15830
15840 0
10 15840
15850 0
10 15850
15860 0
10 15860
15870 0
10 15870
15880 0
10 15880
15890 0
10 15890
15900 0
10 15900
15910 0
10 15910
15920 0
10 15920
15930 0
10 15930
15940 0
10 15940
15950 0
10 15950
15960 0
10 15960
15970 0
10 15970
15980 0
10 15980
15990 0
10 15990
16000 0
10 16000
16010 0
10 16010
16020 0
10 16020
16030 0
10 16030
16040 0
10 16040
16050 0
10 16050
16060 0
10 16060
16070 0
10 16070
16080 0
10 16080
16090 0
10 16090
16100 0
10 16100
16110 0
10 16110
16120 0
10 16120
16130 0
10 16130
16140 0
10 16140
16150 0
10 16150
16160 0
10 16160
16170 0
10 16170
16180 0
10 16180
16190 0
10 16190
16200 0
10 16200
16210 0
10 16210
16220 0
10 16220
16230 0
10 16230
16240 0
10 16240
16250 0
10 16250
16260 0
10 16260
16270 0
10 16270
16280 0
10 16280
16290 0
10 16290
16300 0
10 16300
16310 0
10 16310
16320 0
10 16320
16330 0
10 16330
16340 0
10 16340
16350 0
10 16350
16360 0
10 16360
16370 0
10 16370
16380 0
10 16380
16390 0
10 16390
16400 0
10 16400
16410 0
10 16410
16420 0
10 16420
16430 0
10 16430
16440 0
10 16440
16450 0
10 16450
16460 0
10 16460
16470 0
10 16470
16480 0
10 16480
16490 0
10 16490
16500 0
10 16500
16510 0
10 16510
16520 0
10 16520
16530 0
10 16530
16540 0
10 16540
16550 0
10 16550
16560 0
10 16560
16570 0
10 16570
16580 0
10 16580
16590 0
10 16590
16600 0
10 16600
16610 0
10 16610
16620 0
10 16620
16630 0
10 16630
16640 0
10 16640
16650 0
10 16650
16660 0
10 16660
16670 0
10 16670
16680 0
10 16680
16690 0
10 16690
16700 0
10 16700
16710 0
10 16710
16720 0
10 16720
16730 0
10 16730
16740 0
10 16740
16750 0
10 16750
16760 0
10 16760
16770 0
10 16770
16780 0
10 16780
16790 0
10 16790
16800 0
10 16800
16810 0
10 16810
16820 0
10 16820
16830 0
10 16830
16840 0
10 16840
16850 0
10 16850
16860 0
10 16860
16870 0
10 16870
16880 0
10 16880
16890 0
10 16890
16900 0
10 16900
16910 0
10 16910
16920 0
10 16920
16930 0
10 16930
16940 0
10 16940
16950 0
10 16950
16960 0
10 16960
16970 0
10 16970
16980 0
10 16980
16990 0
10 16990
17000 0
10 17000
17010 0
10 17010
17020 0
10 17020
17030 0
10 17030
17040 0
10 17040
17050 0
10 17050
17060 0
10 17060
17070 0
10 17070
17080 0
10 17080
17090 0
10 17090
17100 0
10 17100
17110 0
10 17110
17120 0
10 17120
17130 0
10 17130
17140 0
10 17140
17150 0
10 17150
17160 0
10 17160
17170 0
10 17170
17180 0
10 17180
17190 0
10 17190
17200 0
10 17200
17210 0
10 17210
17220 0
10 17220
17230 0
10 17230
17240 0
10 17240
17250 0
10 17250
17260 0
10 17260
17270 0
10 17270
17280 0
10 17280
17290 0
10 17290
17300 0
10 17300
17310 0
10 17310
17320 0
10 17320
17330 0
10 17330
17340 0
10 17340
17350 0
10 17350
17360 0
10 17360
17370 0
10 17370
17380 0
10 17380
17390 0
10 17390
17400 0
10 17400
17410 0
10 17410
17420 0
10 17420
17430 0
10 17430
17440 0
10 17440
17450 0
10 17450
17460 0
10 17460
17470 0
10 17470
17480 0
10 17480
17490 0
10 17490
17500 0
10 17500
17510 0
10 17510
17520 0
10 17520
17530 0
10 17530
17540 0
10 17540
17550 0
10 17550
17560 0
10 17560
17570 0
10 17570
17580 0
10 17580
17590 0
10 17590
17600 0
10 17600
17610 0
10 17610
17620 0
10 17620
17630 0
10 17630
17640 0
10 17640
17650 0
10 17650
17660 0
10 17660
17670 0
10 17670
17680 0
10 17680
17690 0
10 17690
17700 0
10 17700
17710 0
10 17710
17720 0
10 17720
17730 0
10 17730
17740 0
10 17740
17750 0
10 17750
17760 0
10 17760
17770 0
10 17770
17780 0
10 17780
17790 0
10 17790
17800 0
10 17800
17810 0
10 17810
17820 0
10 17820
17830 0
10 17830
17840 0
10 17840
17850 0
10 17850
17860 0
10 17860
17870 0
10 17870
17880 0
10 17880
17890 0
10 17890
17900 0
10 17900
17910 0
10 17910
17920 0
10 17920
17930 0
10 17930
17940 0
10 17940
17950 0
10 17950
17960 0
10 17960
17970 0
10 17970
17980 0
10 17980
17990 0
10 17990
18000 0
10 18000
18010 0
10 18010
18020 0
10 18020
18030 0
10 18030
18040 0
10 18040
18050 0
10 18050
18060 0
10 18060
18070 0
10 18070
18080 0
10 18080
18090 0
10 18090
18100 0
10 18100
18110 0
10 18110
18120 0
10 18120
18130 0
10 18130
18140 0
10 18140
18150 0
10 18150
18160 0
10 18160
18170 0
10 18170
18180 0
10 18180
18190 0
10 18190
18200 0
10 18200
18210 0
10 18210
18220 0
10 18220
18230 0
10 18230
18240 0
10 18240
18250 0
10 18250
18260 0
10 18260
18270 0
10 18270
18280 0
10 18280
18290 0
10 18290
18300 0
10 18300
18310 0
10 18310
18320 0
10 18320
18330 0
10 18330
18340 0
10 18340
18350 0
10 18350
18360 0
10 18360
18370 0
10 18370
18380 0
10 18380
18390 0
10 18390
18400 0
10 18400
18410 0
10 18410
18420 0
10 18420
18430 0
10 18430
18440 0
10 18440
18450 0
10 18450
18460 0
10 18460
18470 0
10 18470
18480 0
10 18480
18490 0
10 18490
18500 0
10 18500
18510 0
10 18510
18520 0
10 18520
18530 0
10 18530
18540 0
10 18540
18550 0
10 18550
18560 0
10 18560
18570 0
10 18570
18580 0
10 18580
18590 0
10 18590
18600 0
10 18600
18610 0
10 18610
18620 0
10 18620
18630 0
10 18630
18640 0
10 18640
18650 0
10 18650
18660 0
10 18660
18670 0
10 18670
18680 0
10 18680
18690 0
10 18690
18700 0
10 18700
18710 0
10 18710
18720 0
10 18720
18730 0
10 18730
18740 0
10 18740
18750 0
10 18750
18760 0
10 18760
18770 0
10 18770
18780 0
10 18780
18790 0
10 18790
18800 0
10 18800
18810 0
10 18810
18820 0
10 18820
18830 0
10 18830
18840 0
10 18840
18850 0
10 18850
18860 0
10 18860
18870 0
10 18870
18880 0
10 18880
18890 0
10 18890
18900 0
10 18900
18910 0
10 18910
18920 0
10 18920
18930 0
10 18930
18940 0
10 18940
18950 0
10 18950
18960 0
10 18960
18970 0
10 18970
18980 0
10 18980
18990 0
10 18990
19000 0
10 19000
19010 0
10 19010
19020 0
10 19020
19030 0
10 19030
19040 0
10 19040
19050 0
10 19050
19060 0
10 19060
19070 0
10 19070
19080 0
10 19080
19090 0
10 19090
19100 0
10 19100
19110 0
10 19110
19120 0
10 19120
19130 0
10 19130
19140 0
10 19140
19150 0
10 19150
19160 0
10 19160
19170 0
10 19170
19180 0
10 19180
19190 0
10 19190
19200 0
10 19200
19210 0
10 19210
19220 0
10 19220
19230 0
10 19230
19240 0
10 19240
19250 0
10 19250
19260 0
10 19260
19270 0
10 19270
19280 0
10 19280
19290 0
10 19290
19300 0
10 19300
19310 0
10 19310
19320 0
10 19320
19330 0
10 19330
19340 0
10 19340
19350 0
10 19350
19360 0
10 19360
19370 0
10 19370
19380 0
10 19380
19390 0
10 19390
19400 0
10 19400
19410 0
10 19410
19420 0
10 19420
19430 0
10 19430
19440 0
10 19440
19450 0
10 19450
19460 0
10 19460
19470 0
10 19470
19480 0
10 19480
19490 0
10 19490
19500 0
10 19500
19510 0
10 19510
19520 0
10 19520
19530 0
10 19530
19540 0
10 19540
19550 0
10 19550
19560 0
10 19560
19570 0
10 19570
19580 0
10 19580
19590 0
10 19590
19600 0
10 19600
19610 0
10 19610
19620 0
10 19620
19630 0
10 19630
19640 0
10 19640
19650 0
10 19650
19660 0
10 19660
19670 0
10 19670
19680 0
10 19680
19690 0
10 19690
19700 0
10 19700
19710 0
10 19710
19720 0
10 19720
19730 0
10 19730
19740 0
10 19740
19750 0
10 19750
19760 0
10 19760
19770 0
10 19770
19780 0
10 19780
19790 0
10 19790
19800 0
10 19800
19810 0
10 19810
19820 0
10 19820
19830 0
10 19830
19840 0
10 19840
19850 0
10 19850
19860 0
10 19860
19870 0
10 19870
19880 0
10 19880
19890 0
10 19890
19900 0
10 19900
19910 0
10 19910
19920 0
10 19920
19930 0
10 19930
19940 0
10 19940
19950 0
10 19950
19960 0
10 19960
19970 0
10 19970
19980 0
10 19980
19990 0
10 19990
20000 0
10 20000
20010 0
10 20010
20020 0
10 20020
20030 0
10 20030
20040 0
10 20040
20050 0
10 20050
20060 0
10 20060
20070 0
10 20070
20080 0
10 20080
20090 0
10 20090
20100 0
10 20100
20110 0
10 20110
20120 0
10 20120
20130 0
10 20130
20140 0
10 20140
20150 0
10 20150
20160 0
10 20160
20170 0
10 20170
20180 0
10 20180
20190 0
10 20190
20200 0
10 20200
20210 0
10 20210
20220 0
10 20220
20230 0
10 20230
20240 0
10 20240
20250 0
10 20250
20260 0
10 20260
20270 0
10 20270
20280 0
10 20280
20290 0
10 20290
20300 0
10 20300
20310 0
10 20310
20320 0
10 20320
20330 0
10 20330
20340 0
10 20340
20350 0
10 20350
20360 0
10 20360
20370 0
10 20370
20380 0
10 20380
20390 0
10 20390
20400 0
10 20400
20410 0
10 20410
20420 0
10 20420
20430 0
10 20430
20440 0
10 20440
20450 0
10 20450
20460 0
10 20460
20470 0
10 20470
20480 0
10 20480
20490 0
10 20490
20500 0
10 20500
0 10
