4
8
4880425 7802321
6378201 8097886
8419205 5327108
6634549 1730168
4214902 1539777
2974823 2471423
2299277 4340196
3450153 6583893
16
3828363 6892098
4456484 6993488
5276950 7116643
6826668 6957962
7741258 5293485
7903629 3981473
7689176 2900794
7125881 1601342
5676303 1353609
4247027 1437403
3160025 1757744
1470352 2729916
1184225 3626550
1566375 4438457
2209994 5669682
3116179 6678758
32
3165081 6649632
3766784 6787078
4206368 6853419
4796191 6691170
5226867 6827818
5793405 6936279
6515038 7078188
7630424 7013365
7686950 6615110
7565317 6141343
7542721 5397813
7291243 4737318
7330953 3883575
7204548 3063747
7089443 2506833
6760265 2087059
6300752 1849143
5878968 1710834
5475421 1656297
5167118 1771284
4730083 1585816
4127229 1593224
3331300 1544074
2394135 1634060
2241499 1981466
2161003 2245351
2089072 2745283
2008631 3410030
1906597 4221617
1901131 5224572
2085018 5853709
2381871 6416490
64
2561875 6540307
2713339 6556956
3017575 6556126
3212035 6549618
3495348 6561485
3938873 6530844
4199367 6519063
4402173 6484186
4756110 6600897
5003797 6590558
5241058 6632004
5587019 6660907
6061700 6631369
6417197 6577222
6911669 6537238
7552730 6373353
7554028 6102406
7547167 5950031
7482865 5706250
7415421 5463309
7394496 5227170
7282965 4853680
7237362 4599593
7169879 4452964
7173173 4250360
7173433 4063305
7170741 3875783
7078905 3591811
7058082 3475838
6979038 3329646
6916108 3159053
6766559 2900911
6594696 2784499
6428579 2748697
6290254 2702408
6106905 2668540
6005430 2619455
5849723 2591794
5633767 2575993
5456079 2598276
5270800 2534478
5143895 2522543
4925507 2477410
4578934 2434357
4375804 2351569
4191206 2313226
3979119 2268907
3621187 2299728
3492938 2449319
3381453 2622579
3152878 3000463
3091729 3248869
3049714 3362336
3036198 3531553
3007739 3687431
3025630 3948405
2891275 4204178
2782148 4472430
2576125 4857482
2483027 5177773
2453943 5393745
2431273 5694045
2366311 6003941
2386987 6504713
